1,66155.9250950813,59.0170150669292,8106.53213128514,0.122536751162261,0
2,34415.1539658196,48.1171531048603,6564.74501767738,0.190751580661163,0
3,57317.1700630337,63.108049491886,8020.95329638647,0.139939799671993,0
4,42709.5342008397,45.7519723521546,6103.6422601407,0.142910532141104,0
5,66952.6888453402,18.5843359269202,8770.09923520439,0.130989499995485,1
6,24904.0641402826,57.4716071025468,15.4985984378272,0.000622332096099854,0
7,48430.3596126847,26.8091324190609,5722.58198121271,0.118161046644673,0
8,24500.1419843175,32.8975483207032,2971.00330971188,0.121264738449827,1
9,40654.8925372772,55.4968525394797,4755.8252798016,0.116980392346159,0
10,25075.8727709763,39.7763780555688,1409.23037111453,0.0561986569315195,0
11,64131.4153722487,25.6795753538609,4351.02897072325,0.0678455160465091,0
12,59436.8471228518,60.4719358547591,9254.24453803174,0.155698779225349,0
13,61050.3460792825,26.3550438545644,5893.26465933928,0.096531224437058,0
14,27267.9954580963,61.5767758232541,4759.7875810455,0.174555830052122,0
15,63061.9601742364,39.2015528911725,1850.36937703064,0.029342084703967,0
16,50501.7266888171,28.218361321371,3977.28743247384,0.0787554741837084,0
17,43548.6547113396,39.5745303500444,3935.54445334235,0.090371206169948,0
18,43378.1751943752,60.8483179393224,3277.7375531263,0.0755619050003588,0
19,20542.3650727607,61.6905707078986,3157.44228997066,0.153703932277858,0
20,58887.3575488105,26.076093018055,4965.51606626419,0.0843222768511623,0
21,23000.7840017788,31.7613541707397,1148.11805715996,0.0499164748936892,0
22,32197.6207010448,52.4232799196616,4244.0571361234,0.131812756462023,0
23,23329.3194137514,48.5769745339639,222.622298697307,0.00954259722493589,0
24,27845.8008938469,51.9706241027452,4959.92122589578,0.178120975755155,0
25,65301.9840293564,48.84092176985,5465.26788565462,0.0836922180373222,0
26,47451.6301229596,27.0317413089797,5361.28271628474,0.112984163081273,0
27,63287.0389078744,36.4969755136408,9595.28628892989,0.151615345804021,0
28,45727.4598698132,55.8399218451232,6376.82294883561,0.139452813845128,0
29,59417.805406265,30.8582674972713,2082.62593812344,0.0350505361799151,0
30,58842.8913080133,54.5109475636855,10871.1867897838,0.184749364759773,0
31,48528.8527957164,43.7838086271659,6155.78467025544,0.12684793304652,0
32,23526.3025551103,52.6710122944787,2862.0101387461,0.121651506097987,0
33,67252.9006074183,38.1319074640051,4221.30315714475,0.0627675998955965,0
34,58886.8512935005,38.6615042379126,7271.55203247058,0.123483458068222,0
35,57584.9737902172,36.672020919621,1728.4237547148,0.0300151869654655,0
36,26289.9723066948,20.6667787344195,341.146965986397,0.0129763151519001,0
37,25952.3814707063,58.1850173026323,2109.20077173687,0.0812719547189772,0
38,32464.091880247,50.2250059167854,4326.70507344396,0.133276639599353,0
39,60921.0631041788,18.8405257579871,968.836382674606,0.0159031430725008,0
40,26578.5366925411,32.6760442531668,3489.84313638823,0.131303057679906,1
41,66260.1215578616,32.8966930676252,7035.58910734261,0.106181349232793,0
42,58787.4552397989,62.6413028519601,4167.78672391926,0.0708958519622684,0
43,62545.7087112591,49.0404332359321,4362.90581198044,0.0697554780635983,0
44,24381.9534475915,25.2523307087831,4227.0189863608,0.173366707284003,1
45,67852.1058685146,47.3218990601599,5730.58825138471,0.0844570434186608,0
46,41725.6128555164,18.1300383633934,1185.21469984619,0.0284049680456519,0
47,41896.9715991989,47.25073103467,4892.209733649,0.116767621785402,0
48,44379.7296541743,50.0886712889187,1814.33508159906,0.0408820670098066,0
49,28416.8993751518,57.9287192984484,1788.97373591901,0.0629545719362795,0
50,68427.163111046,46.308240193408,1658.07023321236,0.0242311701644212,0
51,35975.7949295454,35.7086517671123,6610.36617887751,0.183744825981557,0
52,57596.3540980592,29.2460566032678,3344.38440143163,0.058065904583782,0
53,29681.8830934353,54.9592871875502,1745.87167418898,0.0588194377254695,0
54,51656.9386748597,47.7150637004524,7158.13906028943,0.138570717582479,0
55,24912.8426820971,49.3663711971603,267.696298601759,0.0107453132513911,0
56,47761.8240681477,50.0981590673327,5549.79912787576,0.116197386430576,0
57,22248.1792024337,23.4436241723597,4364.9752805952,0.196194719616324,1
58,29724.4768752716,31.9685264034197,3075.34572793243,0.103461727546528,0
59,52143.8236744143,20.8376339208335,2393.0996785886,0.0458942116238177,0
60,56577.7228609659,36.8478006818332,5947.42172129888,0.105119496164843,0
61,37660.7707166113,53.7450604746118,2129.59716481131,0.0565468290820718,0
62,37403.7953955121,47.9441217002459,2044.04704534067,0.0546481185592711,0
63,31652.6937345043,62.0238024718128,5151.07044539045,0.16273719035089,0
64,32727.7007326484,34.4748710067943,1087.91936375134,0.0332415458280593,0
65,69078.6048118025,25.1075240480714,4076.58391416475,0.0590136978775263,0
66,40622.1948727034,41.5271887867711,4949.90233344449,0.121852163551375,0
67,37521.0171728395,60.5410774336196,8.01207624713557,0.000213535688817501,0
68,30735.8084991574,22.2420977437869,5946.82229677996,0.193481889273971,1
69,24857.6948815025,21.598676353693,2692.1634585589,0.108303021313623,0
70,33180.2015937865,49.5659772772342,4621.99774242203,0.139299869211391,0
71,66628.2600886188,52.3838734384626,5992.88509243925,0.0899450936354697,0
72,38564.9321298115,21.2164916703478,5604.16999048292,0.145317771378905,1
73,33704.5084964484,33.1831062319688,5898.0008931423,0.174991452367976,1
74,57018.4848317876,44.825715307612,3507.25216607221,0.0615107920952141,0
75,40526.9027850591,28.6063759573735,2119.98491147902,0.0523105583153665,0
76,50827.9805234633,51.0129371876828,1765.98333716344,0.0347443144302815,0
77,40775.8115953766,60.2887568264268,1922.61002232725,0.0471507481299341,0
78,55467.1514127403,56.8513309573755,9226.90204089804,0.166348943579942,0
79,38789.0293891542,61.2292854287662,7650.65520988095,0.19723760378547,0
80,58074.8401279561,50.0749242743477,7388.02443997422,0.12721557947807,0
81,57814.1063381918,43.8309230962768,7252.12000397085,0.125438590394333,0
82,45190.7291822135,53.8395200036466,7893.55988850644,0.174672107119113,0
83,36801.9071803428,43.0279434239492,5406.34492649729,0.146903933538124,0
84,68811.7794157006,24.0382653451525,4211.30261071966,0.0612003155052662,0
85,30483.2955286838,33.6564412359148,4514.00978011285,0.148081423016265,1
86,44930.3941731341,19.7773858457804,7708.31562497011,0.171561273094267,1
87,43671.4565544389,25.5850369762629,8066.69786524019,0.184713277313858,1
88,27612.9148015752,19.2124481862411,1513.62419967009,0.0548158066812903,0
89,53607.3269252665,27.561712404713,2378.76617303633,0.0443739001639187,0
90,33036.6831202991,25.0633674175479,958.979822122802,0.0290277271065861,0
91,64275.8348886855,61.440913001541,7520.03205308784,0.11699625630863,0
92,30673.8375034183,59.3338370760903,383.107569352407,0.0124897176399827,0
93,58793.6143088154,56.4944104054011,4391.98105365147,0.0747016679495573,0
94,21053.4906177782,63.3794076466002,754.601882142809,0.0358421268872917,0
95,42095.4222022556,55.3661880465224,1183.70456825763,0.0281195556744933,0
96,50360.6787929311,28.8395424685441,4217.16682307477,0.0837392768356949,0
97,41970.7244774327,63.169913943857,1622.31739232604,0.0386535475030541,0
98,51663.410179317,63.7357102409005,4147.8885848744,0.0802867749240249,0
99,53601.8124362454,20.2406212720089,9601.3754821711,0.179124082671478,1
100,43439.98872675,24.1794703230262,6879.30600704276,0.158363439049572,1